280.0[0.28067404]
350.0[0.35325807]
800.0[0.8154149]
120.0[0.10755882]
100.0[0.11656949]
179.0[0.25385037]
160.0[0.15676497]
140.0[0.14911711]
120.0[0.12039056]
100.0[0.10693382]
100.0[0.09404814]
100.0[0.10415556]
500.0[0.3990453]
180.0[0.18794084]
337.0[0.31670618]
120.0[0.13028833]
350.0[0.3794549]
100.0[0.11267875]
680.0[0.57614684]
553.0[0.29506963]
331.0[0.27884328]
120.0[0.10458823]
120.0[0.11248568]
100.0[0.09951113]
100.0[0.17448513]
880.0[0.58356094]
100.0[0.10043569]
140.0[0.12528071]
100.0[0.10365158]
100.0[0.12391645]
240.0[0.21621366]
350.0[0.36973184]
86.0[0.25775322]
140.0[0.11879149]
100.0[0.09756392]
540.0[0.5064092]
246.0[0.17872065]
460.0[0.45277822]
100.0[0.09374985]
124.0[0.24483126]
500.0[0.50433594]
100.0[0.10358992]
44.0[0.217617]
100.0[0.10781403]
100.0[0.1048668]
800.0[0.8353145]
460.0[0.38892382]
640.0[0.5417721]
153.0[0.30612916]
300.0[0.32602525]
