261.0[0.2608313]
460.0[0.45459318]
180.0[0.18474416]
1000.0[1.0152651]
260.0[0.24643208]
100.0[0.10278904]
400.0[0.40168267]
750.0[0.7730185]
750.0[0.7484134]
200.0[0.20712346]
400.0[0.39182252]
120.0[0.12043674]
350.0[0.35706478]
100.0[0.10465035]
120.0[0.1238027]
407.0[0.38120335]
680.0[0.52788806]
700.0[0.5276434]
100.0[0.10639019]
100.0[0.10551003]
140.0[0.1530867]
600.0[0.5875079]
100.0[0.1052791]
350.0[0.3580138]
120.0[0.127956]
700.0[0.67697585]
100.0[0.11296591]
182.0[0.16892688]
100.0[0.10250407]
140.0[0.14197318]
600.0[0.5751407]
180.0[0.18216749]
205.0[0.20242126]
750.0[0.7102927]
562.0[0.56749976]
160.0[0.15949477]
100.0[0.10754208]
400.0[0.46997356]
750.0[0.7516063]
100.0[0.10809645]
750.0[0.7677403]
378.0[0.38074648]
160.0[0.16989625]
120.0[0.1321115]
120.0[0.12926322]
400.0[0.40242195]
200.0[0.20089716]
140.0[0.14197318]
1000.0[1.0037766]
280.0[0.28867555]
